Avocado25
core size=243
node number=36244
hyperedges=96966
UMHS=0.9753086419753086
degree=0.6213991769547325
clique=0.5390946502057613
PR=0.6419753086419753
core periphery=0.5390946502057613
kcore=0.588477366255144
UMHSAUPRC=0.6921505446546464
degreeAUPRC=0.38867528829538583
cliqueAUPRC=0.29371320852874494
PRAUPRC=0.4145326942130999
coreperipheryAUPRC=0.29371320852874494
kcore=0.3490646879591202