Enron25
core size=132
node number=4423
hyperedges=15653
UMHS=0.6363636363636364
degree=0.3484848484848485
clique=0.16666666666666666
PR=0.3712121212121212
core periphery=0.1590909090909091
kcore=0.32575757575757575
UMHSAUPRC=0.3273924267234032
degreeAUPRC=0.14088550603770633
cliqueAUPRC=0.05264777551686889
PRAUPRC=0.1565639826833895
coreperipheryAUPRC=0.050406005983000206
kcore=0.1262400872432628