W3C25
core size=1509
node number=14317
hyperedges=19821
UMHS=0.6017229953611664
degree=0.27700463883366466
clique=0.12591119946984758
PR=0.3081510934393638
core periphery=0.12458581842279655
kcore=0.23591782637508282
UMHSAUPRC=0.4040486311774263
degreeAUPRC=0.1529346851131297
cliqueAUPRC=0.10798186930818356
PRAUPRC=0.1678774009209481
coreperipheryAUPRC=0.10778955937831257
kcore=0.13619085214889304